8142074
3595968.500000
1
4096
0
0
0
0
0
0
0
0
0
0
0
0
0
0
0
0
0
0
0
0
1577
3310
3199
2310
2012
1521
1350
1200
1145
1105
1099
1103
1121
1172
1114
1146
1205
1099
1093
1159
1093
1175
1138
1160
1180
1099
1159
1090
1042
1101
1173
1153
1161
1133
1148
1145
1187
1154
1169
1130
1171
1238
1130
1166
1186
1188
1181
1144
1203
1176
1172
1233
1184
1120
1191
1187
1168
1211
1236
1220
1226
1150
1108
1202
1228
1225
1122
1197
1273
1204
1227
1325
1272
1236
1227
1177
1315
1194
1196
1246
1143
1222
1274
1215
1218
1159
1229
1282
1252
1246
1249
1192
1160
1251
1213
1202
1293
1170
1139
1212
1232
1231
1124
1228
1248
1265
1263
1211
1191
1264
1275
1230
1213
1255
1201
1246
1284
1238
1209
1212
1309
1325
1278
1298
1127
1274
1255
1205
1315
1293
1290
1265
1340
1316
1306
1328
1310
1383
1305
1244
1423
1348
1389
1327
1399
1356
1378
1310
1336
1422
1312
1380
1269
1286
1195
1220
1368
1306
1238
1295
1269
1221
1271
1265
1281
1245
1329
1297
1288
1272
1251
1246
1338
1271
1228
1252
1182
1225
1224
1245
1241
1210
1303
1297
1282
1194
1312
1169
1206
1315
1269
1356
1327
1241
1185
1237
1223
1268
1286
1286
1230
1345
1319
1235
1276
1335
1287
1316
1329
1386
1273
1245
1270
1268
1296
1308
1324
1304
1353
1128
1350
1295
1365
1284
1343
1251
1448
1354
1326
1298
1280
1272
1367
1251
1403
1373
1327
1337
1370
1287
1347
1409
1390
1330
1361
1370
1453
1423
1329
1329
1383
1435
1270
1381
1389
1450
1443
1497
1342
1397
1437
1406
1483
1463
1436
1434
1426
1430
1513
1478
1367
1542
1486
1566
1540
1540
1497
1459
1537
1616
1508
1570
1529
1529
1429
1567
1633
1577
1661
1602
1607
1557
1615
1667
1568
1599
1666
1541
1625
1646
1621
1627
1634
1595
1654
1718
1690
1661
1644
1642
1756
1668
1673
1680
1808
1730
1767
1642
1590
1740
1782
1792
1771
1759
1770
1904
1729
1719
1796
1868
1797
1770
1844
1837
1807
1871
1843
1938
1841
1796
1827
1820
1944
1849
1933
1873
1829
1875
1809
1873
1881
1984
1920
2033
2097
1920
2110
2072
1929
1830
2015
1903
1895
1942
2020
1952
1941
1977
1940
2012
1995
2058
1972
1944
1996
2042
1981
1951
2023
1801
1993
1942
1992
1946
2032
2019
1927
2058
2048
1994
2017
2092
2128
2039
2122
2101
2062
2049
2163
2014
2119
1970
2003
2121
2133
1944
2040
2070
2080
2020
1864
2052
2143
2114
2126
2070
2125
2056
2113
2048
2265
2112
2080
2117
2144
2037
2012
2122
2152
2097
2172
2148
2118
2125
2128
2125
2109
2076
2020
2074
2251
2134
2167
1876
2214
2263
2039
2224
2043
2153
2159
2113
2207
2198
2154
2129
2122
2203
2213
2218
2187
2186
2266
2288
2173
2240
2224
2195
2200
2249
2275
2237
2183
2308
2173
2107
2225
2231
2269
2163
2285
2166
2207
2216
2388
2205
2225
2199
2342
2284
2266
2282
2200
2237
2221
2095
2238
2265
2344
2266
2240
2346
2212
2245
2225
2227
2254
2288
2036
2156
2211
2349
2272
2285
2243
2278
2298
2393
2254
2286
2307
2303
2238
2308
2370
2253
2317
2248
2344
2329
2270
2326
2363
2157
2212
2388
2282
2387
2317
2435
2072
2212
2204
2303
2426
2346
2280
2252
2208
2319
2303
2264
2321
2320
2263
2165
2334
2263
2260
2399
2319
2309
2365
2247
2216
2313
2309
2287
2362
2200
2330
2336
2260
2127
2146
2281
2269
2379
2283
2336
2291
2350
2401
2280
2348
2341
2294
2367
2360
2198
2217
2220
2252
2213
2356
2260
2319
2344
2279
2259
2287
2204
2381
2307
2527
2538
2523
2445
2417
2306
2312
2354
2370
2432
2373
2270
2313
2325
2337
2352
2356
2379
2397
2430
2380
2230
2354
2397
2336
2361
2265
2313
2257
2479
2278
2019
2423
2326
2311
2401
2355
2335
2318
2325
2406
2396
2276
2416
2413
2435
2334
2324
2314
2399
2319
2354
2426
2446
2322
2369
2502
2460
2419
2416
2344
2350
2118
2306
2473
2491
2440
2433
2467
2455
2309
2402
2435
2409
2470
2494
2462
2498
2509
2513
2539
2498
2491
2510
2556
2570
2541
2643
2614
2595
2591
2519
2611
2588
2634
2521
2575
2677
2586
2680
2736
2713
2741
2713
2859
2703
2707
2816
2772
2865
2870
2871
3008
2799
2851
2825
2939
2854
2988
2924
3075
2863
2998
2987
2930
3027
3001
2808
3147
3134
3055
3082
3152
3172
3163
3013
3159
3262
3103
3094
3078
3210
3207
3315
3179
3214
3154
3205
3357
3323
3184
3360
3277
3230
3155
3339
3299
3291
3127
3322
2919
3202
3339
3176
3291
3240
3320
3281
3230
3174
3094
3210
3190
3048
3227
3279
3281
3151
3036
3225
3005
3269
3123
3132
3207
2975
3091
3125
3058
3096
3001
2945
3018
2729
3012
3005
2971
3018
2951
2980
3010
2878
2901
2869
2956
2890
2853
2846
2835
2779
2805
2836
2880
2827
2844
2830
2715
2748
2770
2753
2693
2763
2730
2676
2773
2538
2332
2626
2654
2678
2691
2595
2667
2554
2569
2512
2608
2599
2605
2614
2530
2529
2465
2510
2527
2535
2464
2503
2431
2411
2464
2480
2358
2466
2579
2555
2497
2356
2320
2361
2339
2544
2389
2344
2356
2325
2250
2271
2200
2324
2153
2300
2322
2217
2232
2336
2185
2153
2153
2204
2292
2266
2225
2180
2258
2168
2255
1888
2249
2189
2118
2154
2196
2135
2100
2148
2151
2106
2079
2078
2174
2150
2103
2043
2080
1961
2081
2180
2125
2087
2015
2029
2030
2098
2000
2081
2107
2048
1833
1980
2092
1980
1961
2069
2014
1973
2037
1932
1986
2037
1945
1967
1906
2062
1914
1991
1958
1927
1968
1942
2010
1939
1920
2008
1960
1942
1934
1946
1937
1829
1917
1755
1847
1887
1907
1769
1886
1738
1867
1910
1893
1892
1805
1808
1860
1785
1705
1718
1844
1754
1804
1769
1801
1738
1732
1692
1741
1788
1738
1735
1690
1762
1746
1660
1649
1717
1600
1687
1779
1677
1690
1707
1665
1533
1628
1656
1665
1676
1545
1630
1696
1507
1601
1619
1597
1597
1558
1571
1627
1623
1582
1531
1541
1585
1523
1656
1450
1497
1591
1502
1574
1482
1493
1499
1549
1566
1508
1556
1560
1479
1470
1480
1493
1467
1410
1447
1435
1479
1471
1436
1405
1450
1441
1364
1438
1380
1510
1417
1381
1327
1402
1389
1413
1376
1392
1379
1382
1366
1360
1375
1403
1332
1430
1272
1370
1302
1325
1353
1322
1345
1227
1237
1259
1253
1359
1256
1334
1259
1240
1256
1312
1197
1154
1266
1277
1286
1270
1214
1246
1282
1215
1187
1252
1201
1176
1241
1184
1245
1194
1257
1252
1213
1256
1189
1229
1259
1248
1187
1243
1216
1174
1094
1170
1195
1091
1230
1357
1354
1172
1116
1158
1223
1190
1187
1204
1141
1150
1047
1174
1109
1086
1155
1161
1130
1121
1195
1167
1102
1175
1140
1139
1071
1216
999
1118
1097
1041
1119
1172
1155
1131
1161
1156
1114
1040
1143
1136
1154
1123
1059
1100
1098
1098
1153
1140
1115
1121
1170
1129
992
1154
1056
1137
1100
1073
1100
1155
1089
1110
1036
1111
1070
1082
1123
1184
1096
1078
1071
1068
1082
1089
1151
1142
1086
1146
1095
1104
1110
1037
1102
1166
1105
1131
1100
1133
1109
1084
1160
1028
1094
1088
1118
1107
1127
1149
1140
1147
1101
1133
1074
1169
1089
1145
1150
1075
1064
1105
1172
1149
1121
1033
1135
1161
1058
1065
1137
1141
1040
1144
1165
986
1092
1128
1072
1105
1083
1138
1157
1133
1080
1093
1109
1109
1066
1140
1103
1138
1075
1100
991
1081
1160
1121
1156
1162
1100
1216
1189
1159
1173
1158
1104
1110
983
1023
1158
1178
1112
1167
1174
1156
1166
1128
1083
1142
1084
1173
1130
1154
1084
1111
1099
1128
1132
1113
1033
1169
1147
1097
1044
1115
1093
1125
1153
1123
996
1034
1131
1131
1110
1111
1032
1118
1117
1055
1134
1134
993
1054
1139
1137
1069
1115
1082
1048
1025
1059
1026
1103
1007
991
1054
1089
1010
999
1026
1069
1038
862
1062
1013
1032
1001
1035
1067
1075
1046
1018
980
1031
1025
999
993
957
941
892
1007
983
939
978
980
958
1011
917
914
916
1007
899
879
929
908
886
919
914
925
891
923
937
1005
896
942
807
854
893
868
820
887
797
878
820
880
840
830
800
817
826
832
801
814
709
785
807
755
707
818
759
739
775
792
806
693
813
763
723
774
735
768
751
697
742
671
692
675
666
688
698
692
751
633
662
619
623
667
673
613
669
600
625
594
674
606
672
645
634
615
640
626
621
622
621
571
545
570
576
597
564
573
574
559
517
582
555
570
515
540
555
527
520
562
525
530
499
551
541
521
466
537
493
491
496
546
506
472
478
515
461
459
446
483
450
467
451
491
460
503
431
400
422
433
433
489
437
482
451
420
432
434
471
441
400
437
449
447
396
441
418
417
429
421
448
425
426
391
413
426
406
333
404
414
349
383
384
354
377
346
367
359
355
402
358
374
348
373
377
379
371
338
391
324
375
355
383
357
336
319
370
379
351
359
343
360
284
369
333
323
377
316
349
355
323
333
342
357
341
330
337
371
324
322
347
328
362
323
308
345
307
315
331
317
344
311
324
329
316
276
305
317
305
311
294
351
303
310
300
307
335
322
324
274
310
302
289
280
253
313
299
307
274
289
263
287
324
324
296
294
278
279
281
269
292
355
278
308
272
276
280
259
297
267
296
272
329
261
288
282
281
270
266
263
295
259
297
290
289
277
254
263
254
257
296
268
259
235
249
261
253
275
237
255
237
217
292
224
245
277
234
252
216
233
251
250
280
241
257
252
253
229
217
258
248
226
253
240
227
234
238
226
257
225
238
214
230
238
194
274
220
236
218
256
258
239
239
259
213
290
226
233
228
213
229
235
232
264
233
224
218
249
223
213
246
217
216
227
181
210
240
212
222
204
255
240
188
216
194
257
220
195
217
251
222
222
247
193
207
247
254
216
215
206
247
234
199
249
208
272
267
175
247
218
226
239
244
203
233
219
199
219
245
183
231
218
208
188
198
201
175
225
200
224
224
213
221
193
198
195
241
235
206
199
208
231
182
207
218
215
227
208
206
210
204
161
230
218
251
190
183
205
184
198
218
229
195
225
230
240
200
221
223
245
218
213
211
215
215
193
224
201
211
225
207
197
235
222
263
201
217
221
236
203
211
201
234
218
234
249
220
216
229
227
216
199
203
223
249
213
232
243
235
232
228
225
224
210
239
238
273
278
227
247
231
274
225
256
263
248
305
282
249
259
299
250
275
250
282
315
280
318
318
332
315
283
288
283
335
333
314
335
313
305
341
350
322
335
381
348
363
337
365
382
374
445
346
369
402
415
431
403
429
425
428
407
452
449
490
463
449
473
538
523
562
524
524
586
523
634
531
588
618
602
598
616
601
662
651
644
630
644
701
676
690
730
733
743
759
761
838
834
869
828
805
813
835
930
937
858
951
871
904
957
1022
951
985
1011
1051
1100
1078
1045
1057
1074
1099
1136
1190
1204
1243
1177
1241
1267
1262
1307
1332
1338
1269
1287
1303
1376
1409
1419
1422
1486
1421
1463
1503
1499
1512
1500
1633
1558
1600
1634
1673
1634
1652
1658
1795
1743
1805
1758
1847
1969
1824
1929
1895
1891
1870
1958
1974
2055
2000
1993
1920
2067
1867
2113
2090
2126
2183
2059
2179
2217
2200
2169
2291
2268
2274
2278
2314
2291
2318
2422
2367
2350
2465
2376
2484
2476
2538
2485
2663
2594
2551
2536
2566
2697
2344
2514
2669
2630
2605
2631
2644
2770
2700
2768
2758
2793
2791
2691
2788
2801
2858
2714
2796
2962
2758
2834
2874
2920
2950
2833
3014
2920
2910
2903
2861
2970
2958
2577
2997
2934
2964
2955
3001
2999
3072
2927
3076
2988
3012
2931
3042
3096
2999
3034
3004
3033
2945
3013
2934
3004
2877
3040
3114
3170
2951
2963
2984
2994
2941
2901
3051
3016
3051
2912
2890
2897
2909
2884
2849
3152
3551
2972
2941
2801
2915
2833
2843
2844
2755
2748
2770
2813
2672
2835
2738
2750
2718
2782
2557
2514
2699
2690
2643
2608
2575
2567
2624
2704
2508
2574
2536
2549
2579
2496
2559
2479
2371
2366
2518
2309
2363
2406
2399
2328
2415
2290
2292
2285
2239
2161
2113
2240
2164
2114
2171
2146
2127
2217
2121
2103
2035
2049
1966
2034
2013
1912
1924
1972
1918
1803
1852
1873
1802
1805
1721
1754
1706
1765
1672
1608
1708
1676
1644
1585
1507
1504
1573
1559
1537
1463
1509
1445
1431
1355
1388
1361
1388
1363
1276
1311
1294
1242
1280
1324
1236
1170
1208
1159
1133
1197
1129
1065
1055
1038
1072
1085
984
965
956
1003
931
895
954
960
888
911
874
860
899
838
802
755
798
817
757
752
732
783
741
677
686
725
670
647
692
605
610
596
593
600
588
598
597
507
563
557
506
467
510
500
460
463
455
497
443
427
458
441
421
401
351
374
380
376
384
378
330
353
339
306
324
328
315
302
283
294
280
292
287
301
290
268
269
288
267
245
235
247
216
240
253
285
202
219
186
213
212
218
201
215
194
202
160
154
176
179
195
197
156
177
165
166
120
184
176
135
133
153
135
149
140
147
171
121
147
168
149
155
121
161
149
138
122
138
149
133
118
136
108
142
97
104
120
134
116
141
110
131
116
115
126
142
141
136
80
134
131
117
98
110
112
111
100
113
114
72
117
112
125
100
97
101
98
82
99
122
89
103
107
99
139
130
111
89
94
89
101
99
114
111
116
103
82
104
97
85
93
94
79
97
114
111
90
114
93
116
121
106
113
105
103
92
94
85
89
94
78
81
107
111
105
93
97
113
108
96
107
89
120
101
87
95
91
100
88
102
115
133
108
80
104
94
118
111
108
91
80
80
91
99
112
82
95
95
86
87
90
122
104
113
90
124
78
100
96
127
86
86
91
87
95
80
105
126
92
88
82
106
97
96
99
101
90
90
103
84
105
81
96
105
98
115
106
97
107
80
89
109
102
95
64
73
104
79
89
85
96
106
87
100
99
98
81
78
90
97
85
96
91
87
100
101
91
107
98
90
101
80
103
106
88
95
90
109
83
87
89
98
95
73
106
97
95
107
91
101
117
100
85
103
97
96
110
91
87
122
89
88
80
84
104
102
77
112
113
90
95
86
94
96
92
72
122
98
99
81
98
88
74
90
98
107
104
92
108
94
91
101
108
101
92
83
89
115
109
99
90
94
91
78
95
108
94
106
79
107
109
105
107
126
88
96
85
96
92
119
101
99
98
101
86
97
84
74
116
108
83
96
96
101
127
82
120
107
116
98
94
84
102
88
100
114
109
109
85
98
101
101
73
99
98
96
84
122
100
80
97
81
81
94
101
103
90
87
98
87
81
92
115
91
119
74
81
100
86
90
119
81
82
82
84
83
68
90
83
94
86
97
90
74
72
80
82
82
109
76
109
82
100
109
107
107
99
91
98
99
94
87
80
82
113
99
91
85
80
102
93
115
79
85
90
79
93
98
100
113
93
80
99
92
74
107
102
79
117
106
120
72
105
89
119
109
83
81
86
85
109
85
103
110
55
110
83
102
95
109
111
97
94
101
90
82
98
108
109
101
104
83
94
89
100
85
98
94
77
80
89
91
82
100
87
100
80
104
86
85
101
92
82
97
95
105
107
74
81
88
105
73
87
75
77
87
108
66
76
87
88
81
106
102
106
74
96
90
97
77
107
85
99
85
88
93
98
104
87
86
92
102
91
98
101
98
107
91
91
99
92
87
76
98
93
110
91
89
82
88
114
105
93
97
80
86
114
104
85
86
69
75
82
92
88
106
89
96
107
114
103
107
91
103
91
103
79
80
98
80
87
86
101
79
93
112
93
109
102
99
86
85
105
100
116
80
88
91
86
95
84
92
80
90
95
107
74
104
100
98
123
79
94
77
67
77
113
105
93
99
91
95
107
110
88
97
101
94
103
110
101
88
91
78
78
92
79
107
83
65
92
101
85
64
98
89
105
82
80
93
100
76
102
92
102
116
84
97
101
89
71
102
78
90
96
94
75
86
92
105
78
94
93
91
84
94
91
103
86
86
91
92
115
100
91
91
100
86
81
100
105
91
73
102
94
95
117
100
84
87
94
92
101
88
114
100
81
89
84
103
96
84
76
82
101
92
82
109
94
101
103
83
82
91
82
92
85
83
67
95
103
74
95
94
91
112
97
86
82
97
88
103
87
80
94
89
87
91
98
108
100
91
97
92
103
95
90
94
101
73
97
87
85
92
98
86
79
100
79
113
86
73
87
94
92
85
79
88
86
98
80
82
90
87
71
92
99
80
87
87
79
94
77
93
81
103
77
104
105
77
86
98
103
99
85
101
83
94
97
78
92
84
90
94
96
82
81
92
92
89
86
114
78
106
93
94
85
93
110
83
84
86
79
91
82
83
89
77
89
97
88
81
101
104
85
94
81
87
83
89
84
85
86
93
89
94
78
117
95
86
59
87
73
103
90
97
73
103
78
87
100
92
93
84
85
82
79
85
82
101
91
82
87
100
89
111
102
87
99
98
103
80
103
98
74
91
120
78
77
102
73
96
65
67
85
94
103
90
110
79
68
103
87
95
89
108
80
93
61
94
88
102
74
89
81
84
77
97
96
91
81
88
76
91
67
101
79
92
87
114
78
75
68
95
84
102
79
92
103
104
81
110
108
93
83
100
78
109
83
90
94
101
85
88
106
90
74
91
90
80
120
105
72
97
104
93
85
64
105
90
87
83
69
88
78
87
93
88
89
88
84
96
70
82
91
76
84
117
72
90
90
95
83
87
91
88
59
91
82
98
102
88
96
82
75
82
84
72
68
88
97
95
77
93
91
100
98
84
79
72
85
82
79
63
96
93
78
71
101
86
70
78
93
86
90
68
86
78
100
72
81
87
92
80
97
100
74
98
95
89
87
91
78
100
89
87
82
93
75
80
82
84
81
90
73
95
93
75
74
96
93
86
89
90
78
93
79
89
77
89
85
93
104
71
74
75
67
89
93
83
63
82
96
79
85
105
74
80
75
73
78
86
72
88
89
97
66
88
73
78
81
91
78
75
81
97
87
98
92
79
94
81
70
90
93
74
87
82
80
93
99
92
64
85
94
99
85
85
59
90
81
76
93
109
87
95
92
66
80
86
90
77
87
83
90
83
96
80
88
73
73
76
84
95
79
79
89
88
78
80
73
94
74
67
88
70
88
97
88
85
75
82
96
81
68
97
66
74
99
106
80
73
78
83
115
76
77
90
93
96
88
84
85
83
94
86
76
82
77
94
83
108
97
80
97
72
89
81
85
79
85
69
86
90
66
80
104
85
81
74
90
92
99
75
72
118
93
98
67
111
91
91
76
103
103
86
82
90
111
80
97
80
88
100
106
95
93
108
81
76
108
95
92
69
61
98
101
96
88
87
80
93
110
97
86
97
104
97
93
89
74
71
82
101
92
80
116
108
88
111
93
97
104
99
101
88
101
97
72
84
92
106
101
96
103
94
94
86
94
80
106
94
90
86
114
99
93
100
108
76
107
73
89
102
96
94
102
105
101
102
117
106
93
98
90
112
96
108
103
99
80
102
74
103
99
119
105
103
111
111
91
108
108
112
73
115
88
91
121
94
122
112
99
107
110
103
95
89
107
102
110
78
110
97
83
95
114
113
120
100
106
98
110
128
104
119
122
120
101
122
114
110
114
117
82
113
95
104
122
111
128
132
139
120
101
122
109
116
118
111
94
116
90
141
101
104
81
123
110
122
117
119
93
107
103
104
108
120
108
126
128
111
130
126
129
106
114
124
124
104
108
114
125
116
134
119
111
103
110
116
136
145
130
116
127
149
103
129
129
121
118
131
114
120
133
122
134
145
126
121
123
115
121
124
121
116
138
123
122
123
127
132
119
136
120
134
143
132
133
134
135
148
140
124
143
136
138
135
117
145
135
135
126
163
140
152
131
122
142
137
125
148
145
139
142
142
123
130
114
147
122
163
173
154
141
124
126
134
157
159
146
146
121
129
126
145
134
149
138
128
134
118
166
160
146
149
139
132
148
150
131
141
154
142
158
156
141
169
138
145
155
155
159
150
149
154
150
160
153
170
149
151
148
176
161
166
175
132
144
163
144
165
171
149
169
171
155
152
152
149
132
180
167
148
139
147
130
160
146
128
135
143
173
166
141
179
138
161
143
148
144
158
138
140
161
166
149
156
184
127
166
165
159
153
168
150
164
133
128
166
148
182
158
140
172
164
164
174
166
169
150
154
163
182
130
160
159
138
159
168
165
173
149
147
149
151
133
161
163
145
149
135
152
169
141
151
157
149
143
166
169
156
160
153
148
132
170
137
152
173
146
141
166
164
174
118
172
165
162
167
152
184
172
134
142
140
158
152
144
151
130
162
138
149
155
155
149122
