734596
3598163.510000
1
4096
0
0
0
0
0
0
0
0
0
0
0
0
0
0
0
0
0
0
0
0
8001
14162
12192
7948
5001
2957
1829
1274
951
780
594
596
476
411
404
400
325
333
309
275
240
259
236
224
217
219
238
215
181
247
212
191
183
194
201
193
207
220
217
180
188
183
181
182
166
192
193
169
179
176
178
189
159
162
177
179
163
179
159
189
157
186
147
170
165
173
173
175
182
144
152
189
195
169
184
161
158
179
187
162
175
189
199
165
165
170
175
178
173
180
176
189
188
178
175
176
187
183
192
176
175
196
177
189
211
194
204
204
184
205
198
226
224
218
210
210
218
238
206
206
237
222
232
221
198
218
236
245
248
263
241
260
254
261
284
250
273
265
272
282
257
257
273
266
283
267
267
247
305
265
289
271
268
257
245
248
266
262
231
258
258
243
248
246
268
266
234
257
266
242
259
290
267
276
239
257
266
240
247
273
264
288
253
246
264
279
264
268
240
257
271
277
239
270
264
279
273
283
250
285
263
268
286
305
272
276
271
278
290
303
314
292
296
327
295
295
339
302
339
319
321
328
270
304
314
321
357
342
327
338
339
335
352
354
361
355
348
358
371
373
363
364
362
331
384
352
391
397
365
361
426
420
365
427
436
404
395
466
433
448
413
433
396
418
451
455
423
456
436
452
472
497
459
498
430
491
461
518
519
502
546
488
497
493
466
492
554
506
574
521
546
471
539
522
527
560
576
559
546
530
599
606
624
558
562
544
606
600
610
535
604
603
667
603
640
648
638
594
602
630
641
643
606
647
723
671
672
663
723
651
658
699
726
709
682
712
691
748
700
683
714
736
716
697
718
693
755
749
731
702
709
752
760
763
780
767
790
839
756
728
767
770
710
745
775
760
727
785
763
792
749
790
764
770
762
821
803
809
831
744
785
746
722
841
771
813
760
769
819
803
769
774
794
786
804
828
789
777
787
805
776
836
826
809
809
842
769
775
809
807
695
782
810
831
788
791
880
820
879
818
847
815
860
841
826
807
783
787
846
814
830
862
805
783
797
824
797
793
765
786
789
816
800
705
742
819
807
790
808
811
792
843
805
799
803
873
790
760
798
775
824
840
804
819
808
783
787
821
840
814
766
783
783
832
817
742
801
763
817
750
840
839
763
777
834
748
775
833
805
778
782
830
845
723
729
782
766
774
806
742
775
789
751
753
786
762
812
737
645
772
747
792
773
790
782
802
817
773
723
775
815
775
778
767
788
780
775
796
759
766
793
761
724
760
785
752
766
708
803
742
729
786
720
753
782
733
756
736
737
734
723
719
805
775
772
727
713
702
739
742
726
725
672
722
720
741
687
700
698
717
696
721
700
627
645
703
713
684
721
706
690
710
707
686
717
688
684
673
714
734
694
737
695
644
640
657
676
705
668
660
675
703
680
698
689
714
691
708
675
650
622
677
691
679
659
678
628
608
666
670
630
615
635
680
630
636
627
625
650
637
630
602
601
646
640
560
636
592
663
624
651
597
637
620
585
619
592
621
632
645
590
606
630
625
600
594
604
588
611
565
614
613
594
561
590
614
525
558
618
580
592
553
582
521
534
570
613
554
534
556
567
578
551
548
552
555
557
582
554
530
569
524
537
543
545
572
529
539
507
497
566
561
518
526
524
536
501
533
506
514
507
524
514
529
521
595
520
540
475
488
533
519
489
510
522
476
512
510
548
484
500
458
461
512
495
499
445
469
482
486
466
478
484
485
512
515
453
466
470
504
510
494
451
430
435
479
481
467
490
480
463
452
479
470
439
416
472
447
451
463
429
454
449
464
450
492
503
449
422
451
468
469
439
471
458
522
429
421
442
436
445
412
403
408
426
409
384
393
447
389
439
402
401
396
416
436
401
397
429
440
403
420
426
416
436
410
404
395
434
417
422
404
392
419
379
389
427
399
411
374
334
383
365
382
349
357
409
409
389
371
411
364
379
385
413
376
406
387
343
409
360
390
378
396
363
371
379
384
388
381
382
357
344
379
387
374
358
346
368
338
346
353
368
341
362
356
332
346
354
340
368
380
311
365
355
346
328
372
366
295
359
309
329
325
282
334
372
342
350
346
339
298
304
342
328
306
323
299
296
323
331
328
315
316
314
312
333
313
302
305
323
317
312
323
338
323
319
310
330
334
281
288
301
372
287
281
322
291
301
286
329
293
311
298
294
335
310
293
311
333
274
295
316
291
284
283
311
284
336
309
295
276
310
279
267
300
296
317
276
313
292
300
298
289
284
296
329
261
294
296
287
307
270
302
291
262
292
266
289
254
294
281
280
253
299
276
270
248
314
301
298
264
265
275
268
272
270
266
265
253
297
245
260
287
250
271
278
279
264
286
271
259
274
219
258
265
242
252
259
269
279
247
293
258
253
248
228
246
255
234
279
255
259
269
236
265
270
232
258
260
250
263
234
217
277
213
229
217
232
242
234
250
206
236
219
253
249
226
217
243
198
220
210
187
250
204
243
210
186
222
235
227
214
214
226
215
177
200
236
221
228
188
208
216
218
220
205
206
203
217
177
208
197
212
203
207
199
203
214
195
192
176
198
187
186
174
212
192
205
204
213
227
172
188
177
205
183
210
166
159
202
169
204
188
208
186
176
176
193
165
180
184
166
188
163
170
162
141
179
163
181
170
191
173
195
165
166
174
146
178
163
174
162
156
161
171
152
174
172
162
172
168
148
164
159
147
186
163
149
164
167
185
162
166
174
178
142
161
169
155
167
154
172
165
155
170
167
153
146
169
159
162
168
173
152
166
167
161
178
169
188
141
146
136
170
151
177
150
152
178
172
132
146
164
189
144
147
159
176
131
133
164
154
133
144
145
160
165
158
160
151
163
161
154
152
139
140
133
151
166
169
160
130
141
148
138
159
150
156
134
144
149
131
161
154
146
126
152
140
158
139
143
158
135
133
138
147
137
129
149
142
126
148
139
127
131
136
135
146
126
119
116
133
128
142
140
114
120
133
143
120
110
132
142
117
141
146
126
131
115
137
126
148
133
129
103
106
126
131
145
137
111
132
124
130
129
128
117
119
119
98
140
133
129
112
127
120
112
128
128
124
87
105
122
139
120
123
128
123
120
116
130
122
101
98
112
127
104
122
123
130
101
123
104
105
116
109
89
111
132
102
113
143
109
113
90
110
101
117
107
94
130
138
122
120
108
117
119
101
123
102
89
125
123
114
109
125
112
99
110
103
120
101
101
109
107
106
119
82
113
111
98
99
117
103
96
114
100
112
100
120
124
110
103
117
99
103
97
114
111
105
96
109
94
95
127
99
118
118
112
106
93
103
113
122
100
98
88
104
83
123
109
97
104
104
89
108
96
116
124
106
111
91
112
113
111
102
102
103
91
119
81
114
104
93
118
103
99
96
81
93
95
88
107
110
103
97
110
88
99
78
99
79
82
109
101
102
113
113
99
84
112
87
107
105
96
84
104
102
80
95
103
115
103
100
107
76
97
106
96
79
88
95
94
78
84
102
89
113
91
91
95
87
79
102
87
96
85
89
100
93
74
97
83
95
78
96
92
102
81
86
84
77
83
69
74
78
81
89
72
93
94
84
68
71
82
74
76
80
73
101
94
80
90
77
83
64
74
78
72
92
63
67
92
78
100
94
80
82
90
88
63
78
83
67
72
68
74
61
71
86
72
72
71
66
88
63
84
65
60
73
68
71
74
73
90
65
75
81
79
69
69
71
78
69
71
62
81
76
61
55
76
65
58
79
77
64
74
77
72
73
70
61
75
69
67
63
71
75
76
58
74
58
68
56
60
64
69
79
49
56
88
54
61
59
62
70
69
60
55
71
70
74
77
59
73
66
60
43
67
60
46
58
59
66
60
68
68
64
60
63
46
80
50
65
55
70
60
59
65
62
52
63
70
53
63
45
59
62
61
61
50
67
60
48
54
57
49
54
59
84
61
73
66
59
55
74
64
61
76
56
51
48
69
56
50
59
56
48
51
53
66
67
47
62
69
49
67
63
75
62
40
77
58
71
63
46
59
50
60
64
56
50
50
50
59
50
54
63
49
62
56
54
53
50
53
58
65
54
62
45
54
55
62
73
51
52
39
50
52
68
53
44
57
61
48
66
43
50
65
48
32
44
48
54
46
57
68
47
46
69
64
43
46
64
53
50
67
58
48
52
42
43
54
51
65
39
69
63
60
54
39
53
62
57
56
54
51
46
57
60
37
48
45
58
51
57
47
47
55
51
71
65
47
39
53
53
43
49
64
55
49
53
55
59
44
46
52
55
46
42
33
43
39
50
63
63
58
57
64
56
57
50
47
49
48
48
51
54
45
44
51
46
45
51
44
52
62
47
54
45
55
45
58
59
45
42
51
54
39
51
54
30
45
53
44
49
51
53
64
40
45
51
47
48
55
47
46
51
46
37
46
42
68
36
50
60
45
46
52
41
52
53
51
51
45
41
46
33
61
40
41
35
44
42
54
52
50
53
52
42
50
44
43
48
53
41
41
40
47
57
49
42
41
42
43
40
45
44
46
58
41
49
48
35
53
46
50
43
48
44
34
54
42
43
49
32
43
49
38
59
37
38
34
38
46
50
43
31
40
50
42
50
56
50
41
34
51
38
55
45
38
59
50
47
45
54
45
46
38
39
40
39
43
40
42
50
44
41
36
38
31
49
35
49
39
50
46
40
31
43
50
36
34
38
49
36
36
47
38
33
44
40
38
43
44
43
48
57
41
36
45
46
44
33
51
39
38
47
44
51
46
31
45
45
46
40
42
33
56
46
48
50
43
44
49
38
40
41
43
42
39
37
32
52
36
39
41
42
30
33
38
44
37
43
35
46
32
42
38
27
51
33
40
23
47
36
46
59
29
38
40
36
44
40
33
59
32
31
30
30
41
34
29
43
46
50
45
51
40
35
41
46
50
46
40
45
35
43
42
38
41
42
45
28
36
39
39
58
50
39
34
39
35
41
43
42
31
29
35
42
43
30
41
36
37
30
48
37
36
46
35
48
34
33
36
40
47
32
35
35
43
44
37
44
38
28
31
34
44
41
36
35
25
48
27
36
38
31
29
34
38
37
32
28
30
36
41
43
38
31
36
40
25
32
41
32
32
39
42
41
45
35
41
41
35
41
33
23
46
27
37
33
36
35
26
32
36
43
23
41
30
38
37
34
45
35
27
35
41
36
25
28
26
51
30
33
35
31
38
34
46
31
38
42
21
33
48
35
31
41
40
29
32
33
44
31
31
26
32
39
32
35
36
24
40
21
37
30
34
41
30
31
42
36
23
37
37
26
34
28
35
29
38
30
24
33
36
38
38
37
36
33
33
32
33
33
34
35
40
36
35
35
41
41
30
36
28
41
31
33
25
40
37
30
42
54
39
29
39
30
30
30
41
40
36
29
29
42
37
43
29
40
41
30
31
59
31
33
32
32
43
39
31
33
44
37
31
29
39
41
44
43
37
35
26
44
30
27
34
39
38
38
33
35
32
37
49
23
27
39
33
44
37
41
41
49
36
35
34
48
44
39
30
32
39
36
35
38
35
36
33
37
27
35
37
39
33
32
42
47
38
40
38
36
28
37
35
49
37
29
47
42
38
30
37
40
34
37
35
35
48
36
40
29
38
45
45
41
34
29
45
32
33
51
32
44
32
29
32
40
36
40
40
35
29
30
52
35
48
40
30
37
39
40
34
37
20
37
36
28
28
30
36
46
45
27
34
43
40
37
36
47
31
42
32
43
32
30
45
30
38
39
35
34
34
32
38
38
37
26
37
27
26
43
41
36
44
33
51
37
29
26
25
40
27
33
31
34
28
38
39
30
39
30
25
37
25
37
31
39
26
27
38
38
30
25
32
30
39
25
29
30
23
35
26
32
31
34
25
24
34
29
32
26
33
29
40
31
33
24
35
32
42
32
19
32
27
28
34
34
32
20
30
23
32
33
39
34
27
40
24
19
38
40
29
38
39
19
27
34
33
29
27
27
27
42
29
32
39
31
41
27
28
38
27
22
32
20
25
23
30
26
26
29
26
36
23
26
29
33
33
27
31
30
35
33
19
20
18
26
21
32
32
20
36
21
31
30
27
30
29
28
28
22
29
31
27
29
20
25
27
23
26
21
37
16
23
30
29
26
23
30
27
22
19
31
19
24
24
24
27
20
27
23
15
24
18
26
27
23
27
33
23
28
27
27
25
22
22
29
23
20
20
22
19
22
16
29
29
21
19
26
24
16
24
31
29
26
26
26
28
30
22
23
34
26
27
29
32
28
26
21
22
20
21
28
21
27
23
22
23
22
25
24
28
18
26
22
16
26
24
26
15
16
20
25
22
23
25
16
27
21
26
31
18
29
38
28
25
21
20
16
22
15
22
24
21
17
28
29
18
22
27
37
28
24
20
25
23
30
22
15
21
26
26
18
14
28
24
28
20
24
21
17
23
19
29
32
21
27
24
25
30
12
19
18
15
27
25
26
19
24
16
22
24
20
14
20
18
30
29
21
17
23
12
20
31
24
21
19
20
20
25
18
21
20
18
21
25
30
21
22
27
20
26
16
21
22
17
20
16
16
16
23
22
27
15
24
22
18
21
20
31
19
24
15
26
16
17
18
21
18
17
31
22
26
28
28
25
20
19
29
27
18
19
24
27
22
23
21
26
26
21
18
21
19
16
23
22
21
21
23
10
18
18
17
24
21
23
21
21
22
24
15
17
35
20
30
20
17
19
21
19
10
26
23
24
18
23
14
11
27
19
29
25
26
24
21
22
21
17
20
25
28
18
26
27
17
25
16
12
25
23
27
18
16
27
22
24
16
25
19
26
21
21
18
21
19
18
26
15
20
30
23
22
28
19
21
13
19
12
33
13
24
19
21
17
26
24
16
16
17
17
16
19
18
22
18
18
11
25
21
17
24
28
17
21
21
18
27
14
16
21
18
20
17
19
25
27
22
23
25
26
11
12
20
22
15
17
21
20
21
19
20
16
20
14
22
25
20
16
19
21
20
19
16
14
17
21
32
17
25
27
22
22
16
20
21
20
20
19
17
17
18
20
17
17
31
13
19
19
16
17
23
19
25
22
19
13
14
19
21
20
14
22
22
23
25
23
18
19
12
18
17
24
22
33
16
17
21
20
15
25
14
17
15
31
25
24
15
24
20
21
23
26
25
16
22
18
15
19
19
15
18
23
21
15
20
24
18
25
18
18
14
10
16
24
19
17
24
22
20
14
13
28
18
13
22
19
22
18
14
14
16
22
24
14
19
16
12
19
18
19
21
16
19
15
25
10
21
18
19
12
25
19
19
26
15
25
21
15
20
18
24
22
16
28
18
18
11
23
24
24
16
17
22
14
19
20
16
18
19
20
19
15
27
22
11
10
17
9
18
21
20
20
21
20
17
16
22
10
14
19
13
18
16
15
14
27
19
14
13
14
19
18
15
22
21
18
20
19
19
18
17
18
18
16
15
14
11
15
13
18
15
11
19
22
11
23
17
20
25
12
20
17
19
13
23
15
21
23
15
20
24
20
21
16
21
16
26
23
20
18
17
16
25
19
13
20
13
10
27
19
18
8
17
21
27
10
13
20
14
19
18
14
19
16
20
24
21
19
20
16
18
19
15
20
14
18
17
15
20
24
19
16
13
11
12
16
12
18
17
12
14
22
16
12
21
10
21
20
22
24
12
13
15
17
15
13
21
24
15
16
15
11
15
24
24
17
13
17
17
10
24
23
11
22
14
18
14
18
15
20
15
14
19
19
14
12
15
18
16
11
23
19
24
16
18
17
21
18
18
27
13
20
8
16
19
19
18
14
12
8
18
16
19
17
20
24
22
17
10
18
16
20
9
14
10
13
19
23
11
16
20
19
20
16
22
16
19
14
18
26
14
14
17
16
21
13
17
13
26
14
12
14
21
12
21
21
8
17
17
12
17
7
19
14
25
18
12
13
25
16
15
15
18
23
18
16
17
21
12
20
16
20
19
19
17
9
11
19
15
14
11
22
15
14
17
15
16
17
15
20
12
16
19
15
23
22
17
13
15
13
10
15
27
13
18
17
11
17
18
19
17
21
17
15
15
14
21
15
15
15
21
16
18
17
19
19
15
16
16
15
18
13
18
18
20
14
12
19
14
17
15
14
15
21
21
24
21
17
18
21
18
17
14
24
16
16
8
15
19
17
15
15
26
13
17
19
18
19
13
23
20
17
14
16
16
14
18
17
23
17
10
9
18
23
16
14
11
14
22
17
13
17
22
11
18
11
19
10
12
11
24
20
29
11
12
13
19
17
11
20
15
17
23
19
17
15
16
14
10
18
20
20
14
19
14
11
19
11
14
16
14
21
19
17
12
14
11
15
20
17
20
16
17
16
16
14
16
19
16
13
15
16
16
13
13
16
10
14
13
18
17
17
23
22
11
11
15
14
20
19
17
18
14
12
18
15
14
17
19
8
14
11
17
25
24
22
15
15
15
20
13
12
11
15
15
14
18
24
15
13
20
20
14
23
9
12
20
16
16
16
16
14
17
18
19
29
13
21
28
18
14
16
20
13
24
18
11
13
21
12
23
18
19
16
25
17
14
25
12
14
15
16
14
19
17
21
21
16
17
14
13
13
20
16
17
18
13
25
15
19
14
9
16
14
17
11
19
18
18
21
15
16
18
16
20
18
10
18
19
14
19
13
11
18
18
20
12
17
24
13
14
17
16
11
19
14
15
16
17
19
17
16
15
15
20
12
13
22
22
12
16
16
21
16
14
10
17
20
21
10
9
12
18
15
15
18
12
18
21
18
10
18
22
14
17
17
19
18
17
14
11
16
18
17
16
15
19
11
26
18
18
18
10
10
19
9
18
22
11
14
14
14
23
17
15
16
19
20
16
13
21
16
18
19
12
17
14
12
17
15
11
17
15
13
26
20
18
19
12
19
16
16
19
19
15
14
7
24
16
13
14
21
18
13
12
16
25
15
16
9
10
23
13
15
11
12
12
12
16
21
22
17
23
24
12
13
18
15
14
17
7
14
22
16
15
15
17
17
12
22
10
18
10
17
14
16
8
19
17
20
18
17
14
13
14
15
14
9
15
21
15
13
16
16
9
18
9
17
11
20
13
20
13
17
13
16
10
12
13
20
15
16
18
16
19
9
14
21
10
10
17
17
13
11
29
18
12
14
12
8
12
18
18
16
20
9
10
9
14
16
14
13
16
15
19
12
13
13
10
10
16
9
17
21
17
15
18
18
22
19
16
19
12
20
15
4
18
15
20
14
13
33624
