16866801
43167743.500000
1
4096
0
0
0
0
0
0
0
0
0
0
0
0
0
0
0
0
0
0
0
0
1141
4018
1636
0
907
1636
868
804
498
653
1023
372
752
1014
1107
1341
1122
960
1152
1096
1284
1204
1126
1034
901
940
1309
890
1081
1032
1279
1191
831
865
1160
1258
1088
790
956
1034
1078
688
952
1041
1094
1179
776
1321
1071
1181
845
1067
1140
1125
1073
1013
1118
1069
1244
978
1147
794
831
1117
1171
1164
1222
1328
958
1181
1085
1109
811
1247
1164
775
936
1154
774
1110
1331
1089
1059
1024
1137
1156
810
1586
1074
874
826
1301
1177
1035
1407
1062
1037
1163
1346
1238
1367
1427
1190
1095
1269
1376
1142
698
1125
1294
807
1339
1348
1101
1079
1064
1009
862
937
1112
999
1338
1038
1549
834
1028
1284
859
1385
1207
1078
943
1376
1175
1161
1347
1386
1133
1464
978
1428
1210
1224
870
1260
1197
1410
1624
1370
1267
1272
838
1132
983
1250
1002
1088
1355
1213
1327
1556
1214
1013
1556
1790
1107
653
1197
985
1006
1722
1203
1438
1361
1398
1217
1221
1119
987
1442
1389
1503
1391
889
1195
1150
1177
1436
1134
898
1142
1156
1032
1577
1350
1313
1168
1229
996
1001
895
1505
1431
1361
1332
1306
1439
1469
1544
1565
1257
1238
1175
1220
1751
1274
1206
1468
1550
1291
1416
1107
817
1275
1215
1679
1204
1160
1296
1342
1435
1797
1181
1739
1121
1144
1339
1316
1236
1609
1167
1362
1375
1189
1411
1344
633
1375
1487
1312
1295
1337
1623
1010
1091
1759
1571
1662
1336
1474
1590
1858
1199
1948
1629
1538
1610
1631
1454
1645
925
1980
1305
2015
1938
1673
1852
1511
2250
1668
1944
1309
1977
1505
1673
1615
2108
2079
1812
1541
1079
1731
1613
1716
1903
1468
1536
1641
1973
1569
2512
1384
2109
1643
2100
2220
1413
1591
1322
2320
1727
2041
1665
1415
1464
1499
1661
2250
1792
1876
2445
1452
1765
2103
1723
2056
1653
1789
2198
2264
2292
1815
1925
1527
1786
2214
1770
2354
2495
2339
1679
1923
1849
2296
2050
2226
1825
2018
2684
2328
2692
1855
2340
1657
2649
2631
2143
1643
1927
2164
2046
2638
2181
2686
1422
2851
2387
2145
3125
2142
2568
2488
2020
2155
1985
1913
2170
1862
1796
1957
2592
2390
2693
2188
2267
2525
2092
1806
2069
1745
2652
2286
1958
1921
1870
1865
2294
2666
2091
3063
2203
1839
1955
2889
1965
2351
2668
2615
2625
2616
2042
2421
1989
1780
2432
1910
2293
2028
1779
2112
2286
2381
1727
1927
2221
1991
2597
2255
2527
2095
1890
1413
2361
2035
2512
2769
2335
2309
2011
2113
2387
1966
2567
1746
2426
2360
2068
1589
1980
2719
1894
2511
2593
2686
1719
1747
2419
1604
1903
2041
3046
2743
2603
1399
2274
2776
1588
2398
2494
1622
2193
1769
2583
2167
1622
1972
2233
2248
2368
2231
1932
1961
1911
1841
3111
1755
2703
2509
2340
2036
2254
3098
2165
2043
2872
2388
2500
1542
2421
2011
2735
2543
2726
2978
2740
2626
2318
2539
2014
2132
1896
2365
2377
2268
2327
1244
2626
2845
2765
2207
2290
2928
2297
2691
3137
2431
2275
2105
1381
2138
2060
2548
2490
2154
2639
2359
2636
2212
2698
2509
1583
1955
2446
2124
2618
3061
2482
2034
2594
2468
1970
2360
2472
2593
2023
2313
2569
1783
2367
2015
2825
2581
1752
2992
1672
2478
2654
2266
1794
1981
2695
2691
2561
1807
2280
2318
2823
2375
2359
2790
2500
2599
2387
2050
2157
3020
2270
2646
2683
2299
2187
2310
2675
1995
2277
2514
2274
1808
2179
1685
2763
1873
2234
2445
1951
2448
2433
2285
2149
2492
1825
2277
2479
2307
2215
2556
2760
2357
1939
2440
2536
2177
2136
2112
2284
1887
2307
2290
2063
2068
2144
2551
2650
2180
2110
1582
2011
2064
2173
2639
2133
2791
1944
1812
2032
2558
2393
2254
2102
2675
1811
2387
1488
2725
2381
2324
2657
1925
1796
2585
2575
2261
2140
2596
1869
1863
2501
2051
2318
2117
1905
2275
1937
2898
2261
2321
2463
2124
2244
1917
2002
1978
2348
1928
2308
2221
2690
2261
2255
2434
2379
1873
2183
2327
2105
2174
2217
2406
2144
1991
2161
2285
2246
1138
2193
2087
2039
2226
2046
2297
2317
2225
2675
1841
2093
2798
2055
2504
2448
2496
1821
2149
2197
2264
2353
2405
2690
1824
2288
2206
2346
1502
2133
2304
2477
1928
2275
2308
2190
2241
1960
2124
1600
1741
2407
2169
2321
1617
2304
2221
2025
2372
2249
1871
2142
2124
2402
2334
2003
2407
1538
2652
2564
2398
2073
1857
2853
2034
2002
2809
2760
1935
2515
2463
1895
2287
2251
2343
2523
2132
2353
2397
2434
2116
2092
2347
2651
2734
2733
2386
2743
2246
2763
2755
2276
2374
2414
1977
2776
2641
2324
2826
1983
1804
2601
2414
1887
2899
2443
2051
2772
3016
2563
2372
2801
2519
2226
2691
2853
3109
3015
2686
2612
2656
2436
2476
3186
2629
3142
2436
2317
2729
2854
2916
2877
2827
2498
3081
3040
2746
3029
3084
2613
2647
2300
3092
2660
2730
3143
2666
3357
3365
2787
2684
3368
3014
3221
3436
3395
2812
3020
3036
3009
3116
2586
3002
3034
2957
3210
2396
2956
2674
2969
2681
2776
2725
3201
3104
3247
2971
2968
3066
2599
3363
2913
2702
2670
3193
2972
3160
2996
2656
2653
2599
2992
2753
2981
2944
2850
2762
2883
2675
2855
3119
3143
3049
2704
2935
2569
3142
3046
2672
2786
2808
2521
2250
2629
2819
2717
3047
2605
3033
2534
2965
2916
2633
2338
2383
2909
3101
2494
2371
2134
2859
2652
2724
2678
2700
2320
2441
2477
2808
2516
2523
2630
2182
2607
2547
2645
2369
2563
2490
2509
2556
2106
2207
2484
2655
2663
2690
2454
2192
1974
2054
2220
2100
2398
2267
2791
2368
2308
2405
2491
1705
1952
2324
2379
2400
2188
2334
2319
2058
2625
2267
2351
1883
2052
2242
2192
2160
2091
1908
2115
2382
2231
2270
2431
1975
2008
1799
1863
1840
1789
2332
2209
2087
2114
1598
1861
2251
1868
1978
2226
1961
1775
1771
1994
1868
1711
2155
1682
2213
1920
1675
1917
1988
1649
1839
1615
2073
1864
1750
2348
1899
1833
1665
1738
1660
1926
1734
2151
1967
1717
1998
1769
1576
1684
1680
2023
1733
1655
1542
2065
1121
1455
2068
2090
1811
1526
1486
1658
1939
1615
1697
1782
1653
1427
1695
1652
1867
1728
1662
1459
1554
1373
1959
1549
1400
1481
1336
1644
1624
1663
1682
1610
1400
1592
1488
1335
1598
1545
1268
1533
1505
1548
1218
1417
1280
1387
1311
1517
1491
1262
1170
1386
1693
1805
1349
1761
1236
1449
1414
1203
1479
1541
1658
1460
1487
1246
1636
1568
1475
1458
1546
1247
1406
1415
1470
1551
1527
1513
1335
1349
1253
1478
1529
1435
1577
1509
1366
1606
1056
954
1309
1565
1569
1157
1202
1221
1653
1551
1218
1655
1521
1175
1366
1570
1564
1497
1285
1346
1382
978
1618
1503
1233
1374
1177
1247
1432
993
1219
1528
1112
1368
1201
1136
1073
1302
1438
1511
1140
1228
1335
1287
1411
1466
1073
1399
1193
1376
1475
1125
1584
1235
1377
1201
1244
838
1293
1464
1429
1037
1195
924
1001
1255
1350
1559
1202
915
1202
1562
1199
1375
1082
1336
1331
884
1027
1235
1160
1049
1091
1037
1126
1099
1108
697
926
1060
1081
1148
998
1319
971
1034
1081
1194
1252
1135
1178
1025
964
1145
797
981
920
1112
1207
1092
922
1050
1055
1099
1233
1148
983
770
1143
1125
636
1216
1166
890
1145
1184
1015
1099
912
1082
948
931
1209
929
849
772
1093
1144
1119
938
1321
1379
854
795
1270
982
942
1002
886
1104
724
891
1088
814
950
832
1190
776
905
959
951
750
675
905
951
1010
877
930
1001
963
1038
854
652
839
659
988
1068
792
822
1093
1186
1138
922
766
990
712
1116
640
1097
971
824
781
914
854
1031
943
780
776
760
946
837
648
807
783
967
847
1131
1038
907
990
889
916
1088
865
836
992
687
817
947
1072
853
853
1054
1010
778
790
904
907
889
750
827
737
774
726
838
522
821
848
990
901
639
594
893
890
746
769
732
1041
637
975
1039
794
681
824
729
835
819
946
640
742
1084
763
564
790
852
1068
864
677
663
842
702
900
789
602
763
807
669
720
760
966
953
970
645
916
810
796
642
805
878
576
749
741
994
666
871
715
1027
822
647
690
605
684
836
562
732
727
724
950
934
627
994
771
935
653
644
874
834
656
723
626
1006
787
615
726
691
540
869
668
783
695
801
692
385
582
604
832
709
737
1079
776
556
711
588
617
828
661
613
885
813
638
556
884
526
843
863
631
631
731
602
662
659
699
639
679
820
736
758
805
936
849
796
618
765
887
854
700
837
748
681
897
494
597
718
727
745
637
833
662
748
809
603
629
581
1043
549
662
738
719
754
620
546
765
889
570
648
578
731
757
307
653
672
685
628
671
535
605
639
725
755
676
563
590
694
757
686
559
597
660
757
795
762
543
519
435
672
658
650
740
581
388
597
603
612
636
600
641
559
735
730
740
616
680
531
749
653
867
617
715
626
504
656
779
708
302
627
642
498
781
684
679
676
718
820
575
495
764
595
594
767
602
517
671
770
402
652
714
481
735
703
553
657
689
825
671
684
747
544
751
435
639
647
631
691
649
647
490
667
562
412
552
537
465
558
455
449
666
487
777
687
413
564
471
718
516
555
715
555
555
516
490
660
476
465
734
622
740
676
419
467
496
593
568
578
615
553
588
695
547
532
456
539
545
448
507
572
663
672
521
399
654
643
823
545
672
505
551
623
555
544
580
659
654
424
538
822
554
585
625
491
638
609
350
554
303
711
452
580
686
388
491
578
578
668
664
540
636
581
659
385
791
542
653
625
609
542
559
535
815
333
496
501
610
727
654
509
733
420
660
768
515
653
601
666
328
606
568
609
691
468
594
415
644
481
462
625
463
516
589
650
480
459
600
474
661
482
510
628
226
532
458
542
450
613
581
538
621
542
548
595
636
558
378
716
417
542
596
616
427
470
496
495
483
700
395
459
588
526
605
551
368
575
588
493
629
536
510
427
285
405
608
497
559
574
480
475
317
526
430
594
428
474
467
484
334
449
694
395
410
511
433
558
418
512
351
533
588
612
436
387
428
539
437
422
359
524
528
472
404
325
634
571
550
601
487
544
286
596
415
592
279
430
470
521
549
583
322
539
546
551
452
615
644
559
442
530
613
471
594
583
558
473
449
602
470
487
523
445
388
495
483
569
578
498
465
407
471
301
465
571
508
423
471
550
487
584
610
587
554
579
447
415
531
487
380
349
572
402
388
563
455
381
582
420
369
394
511
657
507
505
452
591
574
463
467
369
460
514
532
239
498
467
360
349
367
546
484
523
538
276
428
432
399
329
421
504
349
353
438
530
535
365
463
447
371
515
502
595
545
343
459
454
522
481
571
553
486
497
356
392
595
578
473
455
483
444
418
402
392
418
342
613
465
445
488
447
364
312
407
602
352
533
440
397
280
503
486
467
510
425
523
305
340
396
426
549
531
508
316
395
457
339
308
405
501
419
451
406
471
399
616
454
441
473
266
434
540
498
342
296
401
378
411
478
438
486
536
469
521
331
458
465
308
514
434
450
328
516
418
431
421
492
414
582
451
456
505
491
458
455
653
414
426
531
190
527
358
263
386
545
455
562
484
560
468
405
278
346
431
553
404
496
390
569
464
455
321
448
463
600
498
465
594
545
521
555
427
433
487
578
516
378
477
453
439
440
544
531
615
612
562
405
342
383
460
617
548
638
419
500
575
528
571
513
465
541
547
473
627
628
454
539
546
456
545
575
452
324
586
505
457
550
442
425
474
451
573
580
532
540
375
515
494
531
481
460
588
512
492
411
529
578
556
535
532
551
412
497
637
503
590
524
338
600
638
749
651
643
662
691
614
575
488
493
624
654
687
627
482
620
565
659
460
638
515
521
533
529
541
558
592
663
576
731
537
623
635
623
547
570
678
798
411
640
564
607
599
620
706
649
733
776
508
590
631
737
743
763
731
625
648
749
645
646
663
626
526
718
752
607
513
830
626
746
735
673
713
659
563
676
506
502
844
652
704
663
446
605
678
708
686
657
616
619
667
667
590
743
642
698
619
617
703
523
745
678
570
827
745
718
846
723
753
861
776
665
783
812
712
851
628
669
709
884
823
710
614
750
819
735
760
733
808
601
660
715
825
722
758
752
716
799
652
890
747
819
653
858
755
749
805
975
924
860
763
725
867
777
748
836
721
804
857
688
878
785
735
814
759
716
823
789
819
738
936
852
928
731
863
826
758
880
774
792
726
747
737
821
697
874
813
630
791
841
950
785
798
913
784
934
753
751
712
901
809
749
860
812
816
855
819
934
781
954
1017
875
691
757
906
865
931
844
922
958
744
824
950
731
735
923
784
818
737
892
1021
756
805
843
839
758
791
821
977
821
866
713
768
702
729
833
731
754
715
984
673
836
694
893
868
638
832
703
715
805
739
858
785
822
814
748
919
800
784
736
722
734
731
740
684
857
795
847
898
739
671
808
631
812
762
786
822
691
795
699
855
673
720
792
698
624
722
872
670
756
616
690
818
752
741
697
620
729
783
718
675
669
787
719
535
723
708
473
699
746
671
592
557
691
650
719
666
682
647
716
596
784
643
660
764
707
676
662
435
707
658
567
731
720
656
711
624
676
689
613
669
526
766
681
641
752
679
618
669
682
655
561
661
619
585
640
469
513
663
549
475
591
611
499
639
637
632
660
583
528
588
577
507
623
518
558
534
457
585
479
551
454
504
515
530
510
452
440
433
696
514
416
502
548
360
432
514
591
392
416
413
580
471
524
451
445
637
406
387
513
457
483
378
440
515
464
377
523
431
260
417
453
466
521
444
408
483
384
514
503
402
379
420
430
452
259
490
437
409
372
463
393
392
437
380
490
400
498
382
386
310
384
394
415
495
422
332
458
339
291
348
508
255
339
453
370
253
277
361
358
388
378
169
278
363
327
336
328
436
296
300
338
294
434
313
145
389
312
212
305
391
244
315
307
255
267
232
326
366
368
360
199
384
305
294
332
343
328
365
171
268
218
387
272
193
173
229
301
178
136
247
306
268
285
312
201
274
204
184
241
233
266
264
277
175
310
173
155
207
136
200
52
196
162
97
180
251
248
287
257
129
212
299
285
193
302
181
217
209
194
281
201
240
241
237
192
325
61
193
119
143
191
243
145
175
139
255
196
151
159
80
162
224
145
223
219
162
103
119
161
143
155
132
147
204
249
197
108
257
194
177
250
164
155
84
135
224
198
244
145
241
212
137
99
112
64
267
223
112
190
158
156
92
193
28
114
135
136
204
185
83
93
111
85
166
26
146
120
194
22
118
59
100
157
113
141
114
59
254
146
182
268
21
194
131
147
123
151
78
211
166
123
128
133
196
197
149
182
60
126
42
106
117
145
172
90
156
47
120
155
128
99
113
117
28
48
157
182
100
105
0
128
141
88
187
123
59
201
69
124
65
176
150
178
161
0
130
145
55
20
114
171
143
138
186
112
148
142
105
88
37
141
164
157
86
106
54
0
83
158
41
0
74
81
92
137
86
65
38
176
159
13
126
70
106
182
158
121
113
128
83
48
75
14
130
93
136
118
128
127
145
187
68
75
110
117
72
27
88
116
135
0
194
127
136
42
89
77
48
58
82
97
149
46
53
77
58
55
79
124
88
10
124
58
191
75
60
125
63
154
52
176
53
155
110
173
85
110
95
84
115
91
193
126
68
74
92
182
122
174
144
97
205
25
69
114
166
55
68
142
106
201
130
127
140
141
100
48
166
186
209
101
171
80
193
159
226
180
130
208
35
0
190
234
180
225
117
105
132
140
149
188
134
222
172
83
176
138
215
170
107
96
177
225
190
99
285
160
136
140
268
232
221
147
153
282
146
251
294
149
185
189
291
210
129
279
271
279
227
299
198
281
201
142
248
363
204
228
233
212
197
275
221
198
243
241
255
346
381
292
326
276
211
280
270
381
272
334
449
353
299
244
247
382
344
460
335
457
352
377
358
397
414
382
394
330
449
455
395
279
530
516
452
443
550
471
405
503
466
408
505
600
419
382
587
517
465
521
628
682
611
517
589
562
577
682
620
602
602
660
687
638
650
574
574
605
698
655
625
516
603
665
740
676
708
703
763
749
719
749
740
777
780
847
686
764
807
723
671
779
811
763
878
840
601
871
842
853
958
834
880
849
909
883
1028
921
917
1019
823
918
967
984
888
924
1060
1028
935
1045
1057
964
976
1118
1015
1045
986
1094
1032
1111
980
1106
1039
1047
1087
1055
1064
1082
1109
1079
1080
1203
1320
1085
1032
1048
1313
1110
1188
1268
1168
1220
1291
1285
1244
1192
1296
1256
1267
1312
1270
1163
1261
1372
1316
1192
1306
1282
1330
1333
1300
1365
1317
1363
1221
1308
1302
1484
1250
1476
1478
1322
1314
1434
1385
1464
1409
1409
1479
1474
1445
1349
1425
1472
1324
1463
1422
1445
1450
1446
1430
1388
1502
1584
1462
1413
1431
1498
1466
1497
1467
1523
1583
1651
1476
1491
1521
1570
1474
1429
1599
1517
1480
1504
1605
1595
1322
1600
1530
1522
1547
1571
1642
1498
1506
1676
1677
1602
1601
1739
1598
1637
1675
1658
1662
1574
1529
1669
1594
1710
1703
1644
1690
1613
1589
1650
1627
1616
1651
1542
1721
1707
1685
1725
1631
1706
1517
1724
1608
1637
1651
1690
1642
1625
1765
1667
1569
1661
1542
1701
1610
1686
1625
1595
1741
1696
1610
1545
1659
1603
1568
1680
1638
1583
1545
1654
1707
1573
1616
1556
1621
1631
1604
1630
1563
1614
1649
1897
1826
1626
1581
1591
1677
1568
1598
1508
1624
1651
1562
1655
1276
1596
1448
1385
1551
1548
1549
1643
1491
1444
1512
1528
1492
1520
1484
1460
1537
1442
1461
1448
1374
1453
1471
1530
1477
1444
1399
1484
1429
1478
1448
1381
1430
1434
1513
1382
1414
1337
1334
1383
1374
1363
1377
1282
1343
1315
1283
1468
1354
1430
1312
1292
1353
1371
1319
1313
1287
1235
1297
1363
1218
1230
1231
1138
1295
1153
1195
1066
1264
1213
1277
1192
1120
1298
1263
1141
1214
1061
1231
1085
1106
1017
1142
1029
1166
1108
1129
1147
1127
1069
1082
1047
1126
1128
1082
1038
1075
960
1083
1079
1073
1066
995
952
930
955
984
1010
901
922
940
904
936
907
816
795
917
921
817
917
942
887
788
795
926
845
920
746
771
863
725
789
795
757
676
694
772
697
765
787
635
723
665
763
736
719
650
721
632
536
698
674
648
646
681
699
644
575
583
627
668
625
552
530
523
506
511
530
335
537
513
622
440
401
489
508
504
439
604
352
484
456
377
424
431
496
422
340
472
438
373
392
412
441
314
402
382
329
415
341
316
361
399
281
381
371
381
246
418
272
280
330
366
331
295
315
364
299
264
252
280
295
241
260
251
277
203
262
329
184
184
326
223
244
204
178
176
212
148
213
175
174
234
265
122
191
103
96
227
174
149
150
231
135
159
177
158
149
158
130
98
101
137
97
174
52
73
140
194
85
160
122
87
155
95
120
80
188
150
81
42
47
77
142
51
88
97
64
133
168
72
108
0
28
19
66
24
45
0
70
43
107
134
68
56
71
81
50
98
0
73
132
24
0
8
0
59
0
94
52
21
0
64
80
45
0
67
0
0
30
61
59
0
12
63
90
107
0
3
0
87
10
0
43
0
0
0
68
0
45
0
0
13
5
3
0
13
50
0
120
7
0
6
0
63
43
94
50
66
0
37
100
0
137
0
34
0
66
0
0
57
101
42
8
152
28
0
64
0
26
44
30
0
0
7
52
16
75
9
83
30
64
0
0
0
0
0
0
19
0
100
71
0
51
30
92
9
84
0
0
0
5
0
0
45
0
32
78
39
52
0
51
51
29
0
0
14
107
0
87
0
12
39
32
20
0
8
3
35
68
30
0
0
10
0
30
10
0
60
0
30
0
0
67
57
69
44
0
61
0
0
19
0
0
0
51
0
0
58
0
0
88
0
0
48
0
0
0
71
42
0
0
0
0
0
0
17
0
0
34
0
22
33
34
13
0
0
0
41
25
14
0
46
10
23
63
37
0
0
73
0
45
37
0
0
0
50
62
0
0
0
0
0
85
0
45
25
39
28
40
44
0
0
0
0
0
40
59
67
80
0
23
7
7
4
0
10
29
135
0
0
0
0
14
38
5
26
0
16
25
14
0
74
0
0
0
0
1
8
63
101
77
13
0
42
0
0
67
0
21
0
0
16
15
0
15
0
0
0
0
96
20
40
0
45
19
0
0
0
10
0
0
0
8
55
0
8
97
54
0
0
4
29
5182
