12902600
43167743.500000
0
4096
0
0
0
0
0
0
0
0
0
0
0
0
0
0
0
0
0
0
0
0
94756
171320
145159
93570
57150
34053
21323
14229
10216
7335
6134
5255
4663
4253
4058
3752
3605
3563
3431
3423
3348
3148
3202
3241
3025
3147
3169
3073
2725
3036
3127
3027
3026
2953
2984
3046
3104
2938
2972
3014
3058
2907
2956
3009
3062
3039
3115
3109
3063
2981
3100
3155
3096
3093
3149
3077
3158
3133
3284
3078
3330
2989
2955
3169
3211
3192
3154
3284
3249
3245
3233
3304
3342
3311
3359
3354
3299
3361
3245
3341
3359
3404
3458
3363
3332
3447
3413
3494
3449
3381
3369
3568
3492
3494
3291
3449
3448
3634
3613
3577
3694
3658
3589
3578
3632
3619
3697
3613
3752
3717
3662
3798
3795
3764
3742
3883
3852
3825
3828
3787
3998
4001
4001
4116
3521
4099
4031
4194
4264
4278
4209
4242
4399
4306
4424
4346
4505
4444
4643
4505
4691
4641
4679
4649
4799
4664
4637
4695
4705
4590
4547
4569
4647
4582
4405
4205
4591
4498
4404
4470
4651
4489
4336
4459
4525
4490
4408
4304
4476
4545
4481
4514
4569
4396
4421
4444
4496
4490
4454
4549
4532
4478
4522
4548
4602
4533
4536
4363
4361
4629
4681
4719
4787
4744
4805
4732
4887
4924
4835
4924
4950
5044
5078
5080
5003
5001
5038
5224
5251
5140
5108
5197
5218
5143
5386
5281
5501
5427
5509
4938
5663
5558
5484
5582
5762
5626
5607
5671
5903
5805
5838
5888
5968
6022
5908
5955
6186
6091
6047
6420
6218
6233
6354
6432
6474
6431
6416
6654
6754
6819
6802
6592
6242
6745
6790
6990
7186
7169
7155
7125
7313
7305
7258
7443
7352
7525
7417
7606
7717
7680
7703
7859
7796
8062
7937
8080
8055
8193
8333
8326
8315
8387
8420
8415
7696
8609
8599
8606
8890
8547
8637
8881
8955
8830
9029
9050
9070
9175
9255
9271
9566
9314
9391
9549
9550
9598
9571
9689
9840
9854
9813
10019
9919
9789
10246
10053
10119
9232
9818
10166
10423
10234
10367
10441
10457
10538
10447
10691
10764
10866
10906
10669
11043
10933
10904
11044
10972
10956
11253
11277
11169
11377
11267
11258
11420
11392
11495
11376
11502
11614
11018
11645
11818
12059
12163
12397
12521
11937
11561
11906
12016
11912
11803
12080
11908
12005
11997
11827
12027
11680
11770
12074
11954
11885
11799
12063
12092
11880
12042
10751
11782
12132
11859
12050
12333
12003
12206
12232
12363
11991
12154
12064
12132
12095
12092
12039
12336
12264
12037
12397
12269
12301
12405
12391
12271
12189
12278
12501
12439
12310
11244
12247
12475
12386
12258
12336
12623
12250
12289
12334
12436
12291
12117
12305
12479
11985
12267
12297
12449
12161
12268
12378
12307
12305
12278
12523
12605
12135
12149
12359
12345
12380
12477
10960
12288
12222
12314
12255
12406
12149
12320
12061
12443
12140
12313
12389
12137
11958
12005
12167
12260
12017
12033
12137
12100
11954
12086
12188
12248
11880
12199
12219
12001
11849
12036
11054
12227
11798
11966
11781
12070
12063
11773
11919
12265
11953
12145
11927
11758
12018
11960
12060
12051
12037
12038
12034
12110
11740
11983
11789
11865
11781
11712
11976
11954
11828
11916
11885
10484
12078
11782
11831
11951
11806
11589
11490
11744
11699
11691
11661
12140
11698
11607
11785
11715
11501
11597
11619
11615
11616
11538
11642
11632
11344
11541
11645
11634
11354
11648
11567
10785
10929
11564
11422
11676
11519
11432
11332
11412
11562
11184
11358
11350
11195
11165
11155
11435
11165
11005
11241
11199
11099
10870
11450
11030
11032
11208
11132
11008
11099
11177
11101
11139
10253
10534
10944
11101
11085
10889
10828
10934
10853
10797
10640
10831
10662
10596
10828
10721
10661
10777
10588
10653
10489
10735
10708
10696
10218
10457
10515
10585
10427
10452
10879
11069
11146
10807
10755
10619
10410
10331
10099
10301
10369
10169
10246
10486
10095
9965
10082
10286
10095
10006
10090
10130
10093
9985
10136
9933
9938
9786
10157
10148
9714
10148
8372
9917
9922
9791
9717
9823
9761
9610
9610
9806
9636
9543
9596
9720
9717
9501
9477
9550
9371
9327
9582
9543
9567
9474
9555
9449
9531
9434
9530
9439
9265
8536
9333
9564
9303
9151
9161
9339
9448
9135
9147
9385
9118
8854
9199
9236
8984
9054
9042
9170
9047
8941
9003
9033
8889
8846
8903
8889
8806
8835
8940
8636
8813
8874
7978
8568
8716
8701
8600
8779
8697
8470
8705
8489
8500
8472
8560
8626
8368
8416
8557
8558
8671
8315
8423
8407
8352
8388
8491
8388
8272
8293
8363
8395
8193
8381
7657
8168
8135
8140
8155
8310
8199
7949
8156
8055
8243
7791
8052
8094
7940
8044
7892
7979
8028
7964
7831
7936
7954
7781
7847
8041
7937
7654
8178
7765
7979
8011
7893
6992
7676
7784
7757
7881
7968
7859
7778
7830
7670
7666
7710
7890
7742
7658
7675
8040
7796
7737
7791
7779
7566
7606
7725
7808
7641
7590
7681
7586
7626
7711
7701
7477
7136
7527
7584
7711
7601
7394
7383
7640
7513
7502
7674
7554
7474
7619
7587
7566
7615
7516
7558
7601
7706
7736
7620
7814
7485
7483
7719
7583
7335
7565
7704
7725
7163
6936
7468
7569
7379
7304
7506
7501
7508
7539
7365
7504
7535
7448
7374
7591
7531
7447
7409
7582
7273
7508
7588
7454
7291
7483
7477
7432
7527
8038
7899
7567
7427
7160
7351
7433
7189
7341
7072
7517
7147
7263
7077
7336
7180
7215
7260
7244
7243
7158
7194
7083
7313
7038
7238
7208
7057
6953
7140
7159
7023
6955
6111
6960
6894
6939
6856
7060
6939
6857
6841
7046
6802
6634
6850
6874
6684
6615
6810
6780
6729
6741
6811
6697
6635
6552
6521
6720
6586
6628
6610
6684
6452
5953
6396
6683
6508
6369
6234
6544
6544
6357
6186
6261
6386
6215
6287
6325
6143
6171
6256
6340
6119
6187
6194
6193
6141
6062
6122
6184
5980
6042
6137
6204
6203
5993
5602
5723
5882
5998
5833
5933
5779
5861
5749
5891
5819
5757
5806
5922
5871
5751
5920
5850
5628
5695
5647
5726
5687
5559
5669
5570
5645
5684
5494
5710
5542
5471
5421
5251
5495
5414
5519
5390
5381
5398
5413
5430
5394
5355
5326
5342
5247
5124
5283
5268
5422
5173
5233
5328
5334
5155
5193
5225
5260
5170
5250
5125
5107
5190
5142
4693
4852
5027
5022
5036
4987
4936
5090
4998
4988
4791
4881
4951
4814
4772
4808
4881
4791
4865
4805
4958
4690
4728
4817
4744
4623
4659
4631
4722
4588
4546
4709
4728
4144
4478
4551
4645
4570
4561
4545
4477
4506
4374
4468
4589
4388
4342
4370
4375
4338
4355
4445
4278
4397
4168
4382
4272
4219
4252
4263
4307
4215
4218
4237
4261
4063
3752
4175
4130
4201
3932
4135
4160
4024
3947
3977
4128
3931
4110
3974
4000
3962
3937
3893
3929
3936
3845
3940
3909
3803
3740
3897
3830
3818
3808
3925
3739
3659
3573
3915
4423
4174
3833
3765
3814
3649
3587
3785
3770
3675
3696
3758
3676
3616
3602
3641
3714
3521
3609
3585
3574
3431
3425
3552
3629
3585
3496
3194
3357
3501
3447
3449
3707
3537
3406
3454
3586
3412
3525
3468
3398
3398
3365
3490
3351
3369
3258
3384
3407
3412
3296
3259
3400
3248
3432
3396
3248
3256
3078
3298
3419
3288
3232
3219
3195
3223
3170
3137
3331
3209
3248
3215
3141
3264
3047
3225
3217
3128
3117
3189
3288
3181
3244
3223
3167
3101
3091
3090
3179
3062
3063
2966
3014
3083
3079
3062
3184
3035
2972
3019
3119
3104
2993
2963
2957
2986
3055
3064
2988
2894
2968
2977
2996
2918
2975
2939
2894
2941
2958
2944
3007
2918
2861
2860
2717
2825
2877
2828
2960
2947
2844
2842
2886
2831
2839
2913
2888
2747
2726
2799
2925
2736
2752
2774
2678
2837
2816
2767
2779
2688
2726
2724
2683
2721
2717
2745
2704
2437
2620
2655
2642
2749
2663
2630
2679
2746
2662
2694
2694
2566
2604
2500
2643
2612
2554
2558
2644
2582
2576
2525
2579
2571
2502
2511
2549
2475
2570
2473
2514
2417
2391
2502
2546
2512
2423
2471
2440
2424
2376
2334
2473
2458
2458
2362
2434
2346
2320
2388
2392
2369
2435
2384
2317
2270
2426
2375
2431
2268
2288
2236
2398
2289
2040
2295
2295
2263
2347
2355
2394
2371
2262
2341
2296
2276
2365
2300
2228
2199
2233
2183
2248
2233
2281
2302
2294
2242
2242
2272
2179
2221
2130
2207
2189
2166
2046
2170
2178
2165
2180
2142
2245
2295
2490
2213
2174
2126
2137
2196
2229
2089
2151
2167
2090
2109
2180
2085
2179
2103
2122
2104
2098
2176
2119
1872
2038
2100
2172
2088
2081
2043
2090
2130
2112
2085
2006
2107
2127
2001
2028
2032
2118
2081
2122
2049
2140
2046
2104
2130
2077
2126
2028
2081
2085
2086
1974
2011
2107
2035
1986
1967
2070
2009
1956
2036
2002
2028
2071
1996
2078
2038
2019
2002
1935
1991
1997
2024
2014
2058
1916
2031
1958
1978
1963
1995
1998
1987
2004
2021
1832
1887
1955
2049
1904
1957
1926
1912
1972
1909
1913
1967
1988
1936
1923
1848
1973
1920
1969
1909
1953
1917
1886
1888
1940
1834
1995
1943
1903
1819
1919
1898
1790
1811
1899
1839
1855
1876
1888
1874
1837
1908
1785
1864
1866
1845
1811
1862
1912
1797
1816
1869
1881
1682
1833
1822
1783
1837
1777
1757
1790
1768
1769
1803
1817
1565
1775
1785
1778
1758
1715
1654
1784
1770
1725
1789
1746
1704
1646
1739
1753
1675
1745
1740
1693
1660
1643
1663
1721
1599
1637
1763
1648
1619
1670
1642
1681
1526
1639
1677
1680
1741
1599
1542
1683
1635
1599
1572
1642
1610
1652
1637
1612
1557
1491
1512
1608
1584
1577
1543
1623
1678
1628
1552
1628
1539
1553
1541
1647
1565
1363
1526
1524
1640
1571
1476
1418
1515
1470
1518
1597
1500
1483
1468
1558
1528
1475
1527
1532
1507
1458
1475
1430
1513
1451
1490
1446
1420
1446
1405
1551
1387
1369
1461
1469
1557
1715
1644
1503
1432
1423
1419
1455
1451
1459
1411
1513
1475
1474
1399
1438
1336
1368
1401
1365
1410
1379
1325
1470
1375
1413
1263
1313
1428
1335
1414
1332
1371
1423
1347
1395
1320
1294
1356
1316
1329
1370
1318
1352
1372
1331
1307
1468
1313
1288
1346
1359
1309
1332
1403
1339
1288
1272
1295
1265
1252
1383
1352
1323
1332
1361
1311
1374
1315
1339
1313
1320
1297
1283
1331
1335
1288
1300
1319
1254
1348
1318
1314
1382
1293
1261
1223
1310
1257
1274
1298
1263
1239
1232
1288
1274
1288
1307
1250
1274
1292
1312
1296
1248
1253
1283
1237
1271
1298
1289
1321
1233
1274
1255
1267
1295
1173
1204
1245
1282
1255
1254
1241
1213
1176
1272
1248
1283
1217
1249
1266
1168
1266
1204
1293
1231
1224
1146
1231
1220
1237
1230
1261
1171
1188
1201
1226
1104
1203
1200
1218
1261
1178
1206
1228
1174
1108
1130
1202
1206
1165
1313
1222
1185
1178
1160
1207
1188
1170
1146
1196
1161
1166
1136
1216
1159
1190
1132
1191
1215
1216
1127
1143
1224
1210
1217
1163
1136
1127
1128
1189
1109
1136
1182
1111
1173
1089
1148
1169
1171
1114
1140
1207
1145
1150
1174
1182
1136
1110
1067
1096
1186
1121
1138
1079
1118
1075
1081
1122
1114
1136
1035
1061
1080
1152
1072
1011
1160
1079
1085
1022
1115
1064
1092
1084
1088
1117
1090
1099
1126
1129
1123
1072
1054
1160
1099
1072
1059
1042
1118
1073
1065
1087
982
1103
1086
1067
1064
1083
1112
1099
1030
1034
1045
1059
1062
1111
1122
1073
1121
1118
1070
1039
1099
1069
1012
1083
1035
989
1082
1110
1065
995
975
1009
1041
1039
1132
987
1059
1054
1039
1040
1030
1019
1058
1095
975
1003
1023
979
956
1057
1040
1014
988
1007
1007
969
1026
1008
1017
1090
1027
1029
999
985
956
999
982
1075
1019
1005
1048
1018
1024
947
1050
1007
996
1021
979
978
1000
979
994
984
968
972
1011
953
961
972
973
989
930
998
967
905
1003
1011
1031
1043
982
979
1001
967
975
994
1014
997
991
961
990
1013
992
1004
991
1058
1001
995
1011
960
994
1002
980
958
942
1033
933
925
1004
999
928
984
983
1058
916
989
944
937
892
983
966
959
978
965
1003
893
940
972
966
969
975
976
916
935
985
963
944
1005
981
827
883
970
987
987
928
1006
1005
1001
902
998
984
930
870
932
941
930
939
934
954
978
908
949
941
883
998
1005
956
970
986
942
928
948
874
995
901
972
918
990
1027
996
985
947
974
995
953
978
954
963
910
971
958
947
938
977
947
994
904
980
924
957
914
994
947
985
872
1036
966
965
992
995
945
928
895
948
930
969
942
989
977
1023
1003
925
1003
962
936
978
933
933
943
980
952
963
963
948
982
957
930
935
928
977
968
986
983
1004
935
960
1087
1077
981
913
979
953
987
1012
946
983
1002
984
1049
995
968
912
994
973
1009
898
922
929
894
967
1017
988
1000
1020
1011
995
962
939
985
988
1020
992
996
987
973
1010
1036
943
976
947
1036
1037
997
971
1022
1028
986
960
1034
1025
1023
1003
1082
1015
1046
1007
1052
985
1008
1002
1047
1023
1022
1004
985
1007
1000
1070
983
1013
1049
1009
1009
1050
1036
1023
1044
1031
1029
1031
1019
959
1051
1002
1098
1050
1035
1060
1056
1039
1055
1052
1018
1105
1105
1076
1024
1058
1087
1085
1115
1075
1079
1057
1128
1061
1029
1042
1131
1034
1054
1126
1112
1003
1017
1166
1046
1082
1095
1069
1121
1055
1055
1144
1118
1042
1120
1096
1136
1083
1058
1121
1170
1128
1118
1125
1108
1087
1075
1087
1094
1115
1158
1142
1099
1001
1123
1135
1117
1098
1086
1151
1165
1138
1158
1155
1173
1149
1136
1133
1131
1160
1168
1151
1120
1113
1153
1196
1195
1154
1118
1206
1131
1215
1168
1105
1180
1081
1140
1207
1257
1142
1154
1208
1196
1195
1132
1166
1155
1167
1181
1242
1235
1205
1165
1263
1200
1148
1255
1181
1251
1209
1216
1160
1189
1200
1193
1156
1262
1217
1071
1222
1167
1184
1219
1233
1239
1206
1248
1272
1264
1175
1247
1222
1214
1216
1218
1260
1242
1239
1181
1217
1213
1270
1305
1290
1223
1213
1262
1229
1302
1321
1132
1282
1221
1183
1204
1273
1253
1205
1268
1256
1284
1215
1251
1258
1237
1374
1461
1415
1279
1225
1278
1285
1279
1240
1222
1330
1284
1268
1298
1211
1167
1307
1240
1298
1229
1228
1273
1236
1201
1215
1211
1214
1307
1313
1277
1205
1274
1265
1188
1230
1245
1205
1223
1222
1279
1344
1189
1220
1246
1193
1204
1166
1228
1207
1207
1285
1219
1254
1193
1290
1222
1252
1231
1244
1192
1228
1154
1202
1235
1220
1236
1205
1239
1219
1234
1159
1151
1180
1207
1172
1218
1230
1194
1135
1191
1047
1179
1213
1116
1200
1178
1128
1178
1244
1114
1176
1192
1158
1178
1160
1221
1141
1124
1137
1155
1150
1155
1137
1171
1091
1063
1155
1212
1085
1107
1166
1127
1048
1085
1075
1094
1103
1146
1054
1055
1124
1040
1144
1111
1068
1100
1043
1036
1070
1011
1091
1114
999
1019
1068
968
1071
1032
1084
1025
1057
1029
958
1042
969
965
1028
1039
1002
1065
1030
1015
993
913
991
1005
988
985
981
987
993
967
951
1007
943
927
949
1016
984
943
936
984
925
951
959
998
894
870
949
885
875
851
910
840
911
902
918
908
860
901
888
946
824
826
872
900
840
886
891
848
836
833
880
843
824
799
853
853
802
723
861
805
855
774
800
803
824
737
811
815
776
801
801
838
713
732
780
807
768
754
767
750
787
756
730
752
703
754
773
769
708
715
717
740
797
728
730
712
738
694
686
706
720
718
715
747
734
668
806
807
711
696
688
663
675
693
670
673
625
649
658
616
630
589
662
651
651
648
604
652
620
648
578
618
638
613
613
629
600
608
593
619
616
567
631
591
615
616
590
618
620
612
535
600
569
582
584
619
616
581
579
580
542
591
500
529
497
541
553
502
544
571
522
556
525
540
513
562
552
508
553
557
518
504
505
523
502
461
491
471
508
464
496
508
510
517
492
479
500
539
533
489
500
467
453
469
494
517
433
533
482
485
465
480
505
477
504
481
445
445
443
491
467
435
469
415
439
495
472
415
447
404
414
452
445
439
447
462
427
419
437
443
455
408
423
468
429
473
444
473
386
429
466
416
419
408
411
440
426
448
385
433
440
425
411
400
412
447
439
412
430
410
408
392
421
388
402
435
412
420
401
407
381
351
385
406
350
398
396
386
394
406
383
400
409
377
381
366
395
386
350
374
400
357
422
395
411
399
355
366
391
358
399
392
361
364
401
401
374
360
366
354
358
369
385
376
354
336
347
360
395
404
375
353
345
352
372
361
386
376
357
379
356
369
364
355
339
323
381
345
376
353
368
366
382
353
316
334
397
319
380
366
375
323
426
402
376
340
358
333
340
325
345
380
313
338
334
342
309
335
362
353
302
326
357
356
353
350
341
350
344
327
337
342
322
370
314
350
325
341
344
383
348
339
326
334
345
352
322
332
367
337
355
344
315
314
345
336
315
340
356
339
350
338
343
328
354
341
329
372
346
334
337
329
334
365
317
334
319
331
328
352
310
316
346
335
375
324
329
363
370
328
356
329
335
350
353
349
362
335
300
367
319
325
366
356
338
332
350
350
354
336
361
373
301
309
342
358
331
320
370
358
333
358
355
356
369
388
348
382
378
341
353
363
344
385
327
394
384
358
388
359
339
406
378
360
357
393
381
396
404
365
428
410
390
400
383
404
390
407
446
395
420
441
429
394
423
429
424
424
392
412
448
473
399
441
486
446
455
462
461
461
477
495
414
465
423
463
435
491
491
426
461
465
490
464
519
492
480
497
512
473
551
521
510
543
493
555
526
561
580
482
552
499
544
522
573
572
562
569
569
551
544
583
610
560
652
623
637
580
617
598
601
654
622
634
618
653
683
611
699
698
696
680
707
730
711
657
719
718
744
697
744
731
706
755
757
717
749
796
862
839
769
829
790
817
814
788
806
842
852
831
878
758
862
790
869
854
883
901
936
867
893
884
976
912
919
931
965
971
953
956
981
984
1015
950
968
1047
963
995
1019
979
955
1070
984
1009
1051
1010
1045
1066
1014
1108
1065
1161
1123
1184
1089
1109
1151
1099
1122
1183
1140
1128
1164
1276
1184
1187
1249
1273
1204
1240
1298
1267
1261
1214
1250
1272
1219
1172
1310
1303
1299
1267
1283
1376
1322
1325
1283
1308
1347
1416
1325
1320
1336
1433
1338
1392
1448
1396
1400
1447
1453
1448
1432
1512
1460
1507
1468
1462
1355
1477
1540
1544
1456
1522
1546
1582
1537
1552
1593
1581
1579
1521
1512
1566
1616
1490
1608
1598
1622
1614
1614
1613
1596
1637
1613
1623
1642
1661
1625
1665
1604
1468
1679
1602
1673
1618
1674
1730
1640
1682
1704
1726
1689
1623
1726
1682
1713
1659
1703
1811
1771
1704
1683
1761
1714
1738
1729
1803
1745
1720
1708
1869
1823
1550
1816
1758
1738
1739
1799
1810
1798
1722
1832
1869
1758
1793
1907
1850
1865
1831
1814
1854
1838
1781
1837
1810
1890
1871
1788
1870
1817
1841
1878
1879
1832
1771
1746
1877
1863
1841
1857
1823
1886
1781
1880
1884
1829
1783
1894
1930
1829
1837
1799
1821
1733
1794
1869
1862
1854
1793
1847
1897
1852
1862
1845
1899
1807
1820
1872
1818
1811
1785
1774
1887
1741
1808
1748
1861
1775
1796
1810
1779
1806
1841
2077
2078
1806
1809
1735
1797
1760
1790
1724
1780
1855
1766
1811
1516
1776
1676
1685
1755
1752
1693
1751
1719
1696
1692
1768
1696
1724
1676
1724
1741
1598
1701
1724
1722
1621
1687
1710
1681
1600
1627
1676
1669
1694
1664
1609
1622
1614
1621
1634
1606
1541
1562
1575
1578
1531
1557
1474
1559
1555
1463
1624
1534
1538
1516
1544
1533
1575
1463
1541
1539
1451
1513
1507
1434
1434
1399
1402
1523
1321
1363
1330
1444
1381
1397
1384
1372
1406
1455
1321
1442
1325
1399
1385
1322
1245
1322
1281
1322
1348
1333
1231
1367
1273
1298
1215
1294
1284
1262
1266
1231
1152
1203
1247
1229
1222
1163
1168
1230
1183
1176
1214
1129
1150
1108
1132
1176
1111
1068
1083
1061
1101
1033
1097
1110
1055
1040
1035
1058
1061
1028
1034
1011
1007
869
969
1011
925
964
934
1036
961
909
979
923
879
881
895
940
875
878
877
884
800
842
878
864
838
837
831
812
779
799
819
824
817
708
794
751
782
715
722
719
705
693
778
680
677
657
712
696
691
736
652
700
672
617
616
623
640
602
664
652
630
613
560
604
585
530
534
586
593
547
545
556
565
519
509
573
527
537
510
526
512
544
510
546
487
487
483
544
467
480
444
472
451
457
428
443
445
419
406
437
436
424
434
403
388
384
418
392
416
388
369
415
378
414
469
434
383
355
360
371
366
353
354
351
375
363
345
338
341
326
346
314
317
341
325
354
280
313
332
326
301
328
326
315
299
323
312
296
320
270
321
282
251
245
286
315
268
277
304
289
288
276
264
260
268
235
246
240
261
260
250
235
251
266
272
248
275
249
266
254
264
253
276
216
237
212
205
263
214
250
256
249
225
256
224
213
221
235
220
223
246
193
215
218
204
243
222
239
221
219
227
243
226
242
223
181
216
210
200
214
225
167
201
205
197
195
225
193
218
185
252
223
201
222
193
219
211
226
194
222
203
205
220
197
221
189
214
194
222
184
200
225
221
186
212
236
196
192
184
195
218
200
210
183
175
175
184
220
219
165
203
198
220
191
215
195
186
195
204
199
212
208
203
202
231
222
200
201
192
173
175
177
197
194
192
201
186
200
222
183
208
209
183
207
221
156
176
194
203
200
219
201
192
195
200
224
217
200
195
191
212
174
183
184
190
199
174
190
182
192
197
222
190
218
199
201
201
200
192
205
185
195
199
191
207
180
207
191
193
202
217
158
208
207
208
204
189
180
178
203
198
180
185
193
213
165
198
185
177
200
238
220
190
189
202
181
195
192
203
197
181
194
185
178
190
179
195
169
174
173
169
189
177
169
184
177
208
170
182
193
173
201
205
173
205
173
201
181
195
172
184
188
194
188
159
184
180
196
167
199
200
197
191
187
175
172
183
190
197
195
189
174
196
174
158
206
197
170
198
196
205
170
177
182
169
167
176
154
169
176
183
197
173
181
160
174
188
173
199
202
177
162
198
184
171
184
195
171
199
164
168
204
164
172
159
201
175
182
195
193
166
162
180
174
188
187
183
188
181
186
198
169
172
173
406286
